# cube.obj
operate
2.0 0.0 0.0 0.0
0.0 2.0 0.0 0.0
0.0 0.0 0.2 0.0
0.0 0.0 0.0 1.0
operate
1.0 0.0 0.0 0.0
0.0 1.0 0.0 1.0
0.0 0.0 1.0 4.0
0.0 0.0 0.0 1.0
end 

# cube.obj
operate
0.7071067811865476 0.0 -0.7071067811865476 0.0
0.0                1.0 0.0                 0.0
0.7071067811865476 0.0 0.7071067811865476  0.0
0.0                0.0 0.0                 1.0
operate
0.25 0.0  0.0  0.0
0.0  0.25 0.0  0.0
0.0  0.0  0.25 0.0
0.0  0.0  0.0  1.0
operate
1.0 0.0 0.0 0.0
0.0 1.0 0.0 1.25
0.0 0.0 1.0 0.0
0.0 0.0 0.0 1.0
end
