# cube.obj
operate
1.0 0.0 0.0 0.0
0.0 1.0 0.0 0.0
0.0 0.0 1.0 0.0
0.0 0.0 0.0 1.0
end 

# cube.obj
operate
0.7071067811865476 0.0 -0.7071067811865476 0.0
0.0                1.0 0.0                 0.0
0.7071067811865476 0.0 0.7071067811865476  0.0
0.0                0.0 0.0                 1.0
operate
0.25 0.0  0.0  0.0
0.0  0.25 0.0  0.0
0.0  0.0  0.25 0.0
0.0  0.0  0.0  1.0
operate
1.0 0.0 0.0 0.0
0.0 1.0 0.0 1.25
0.0 0.0 1.0 0.0
0.0 0.0 0.0 1.0
end

# plane.obj 
operate
10.0 0.0 0.0  0.0
0.0  1.0 0.0  0.0
0.0  0.0 10.0 0.0
0.0  0.0 0.0  1.0
operate 
1.0 0.0 0.0 0.0
0.0 1.0 0.0 -1.0
0.0 0.0 1.0 0.0
0.0 0.0 0.0 1.0
end

# plane.obj 
operate 
10.0 0.0 0.0  0.0
0.0  1.0 0.0  0.0
0.0  0.0 10.0 0.0
0.0  0.0 0.0  1.0
operate
1.0 0.0 0.0 0.0
0.0 0.0 -1.0 0.0
0.0 1.0 0.0 0.0
0.0 0.0 0.0 1.0
operate 
1.0 0.0 0.0 0.0
0.0 1.0 0.0 0.0
0.0 0.0 1.0 -2.0
0.0 0.0 0.0 1.0
end

# ball.obj
operate
0.5 0.0 0.0 0.0
0.0 0.5 0.0 0.0
0.0 0.0 0.5 0.0
0.0 0.0 0.0 1.0
operate 
1.0 0.0 0.0 2.0
0.0 1.0 0.0 0.0
0.0 0.0 1.0 0.7
0.0 0.0 0.0 1.0
end 

# cone.obj
operate
1.0 0.0 0.0 0.0
0.0 1.0 0.0 0.0
0.0 0.0 1.0 2.5
0.0 0.0 0.0 1.0
end

# l-ball.obj 
operate
0.5 0.0 0.0 0.0
0.0 0.5 0.0 2.0
0.0 0.0 0.5 0.0
0.0 0.0 0.0 1.0
end

# ring.obj
operate
0.7 0.0 0.0 -2.0
0.0 0.7 0.0 0.0
0.0 0.0 0.7 2.5
0.0 0.0 0.0 1.0
end

# ball-2.obj
operate
0.5 0.0 0.0 -2.0
0.0 0.5 0.0 0.5
0.0 0.0 0.5 2.5
0.0 0.0 0.0 1.0
end

# cylinder.obj
operate
1.0 0.0 0.0 0.0
0.0 0.0 1.0 0.0
0.0 1.0 0.0 0.0
0.0 0.0 0.0 1.0
operate 
1.0 0.0 0.0 0.0
0.0 1.0 0.0 3.0
0.0 0.0 1.0 0.0
0.0 0.0 0.0 1.0
end
